PF04202| 89| 85| 2| 1|21.535461139980494| 113.38864005238314