PF14836| 170| 88| 418| 236|60.672163773780305| 117.3552979365849