PF09354| 166| 62| 217| 144|37.1825714520727| 82.977596273503