PF11363| 314| 195| 188| 163|149.56520630097162| 258.83276247311414