PF11089| 51| 38| 55| 50|21.37892557564804| 51.24433319988893